1,0,0,0,800,480         //main rect -> 1,6 -> 5/3
2,1,0,255,75,70	        //upleft
2,2,75,255,70,70  	    //up
2,3,145,255,140,70	    //upright
2,4,0,325,110,85  	    //left
2,5,110,325,180,85	    //right
2,6,0,410,75,70   	    //downleft
2,7,75,410,70,70	    //down
2,8,145,410,140,70	    //downright
3,2,685,255,120,120     //1
3,3,605,355,120,120     //2
3,1,470,355,120,120	    //3
3,0,335,355,120,120	    //4
3,4,685,125,120,120	    //5
3,5,0,125,120,120	    //6
3,10,610,60,70,70       //7
3,11,115,60,70,70	    //8
3,6,0,0,117,58  	    //exit
3,7,680,0,117,58        //option
3,9,0,60,117,58	        //coin
3,8,680,60,117,58	    //start
4,0,20,275,185,185      //DPAD img
5,2,690,260,115,115     //1 img
5,3,610,360,115,115     //2 img
5,1,475,360,115,115     //3 img
5,0,340,360,115,115     //4 img
5,4,690,130,115,115       //5 img
5,5,0,130,115,115     //6 img
5,10,610,60,70,70       //7 img
5,11,115,60,70,70       //8 img
5,6,0,0,117,58          //exit img
5,7,680,0,117,58        //option img
5,9,0,60,117,58         //coin img
5,8,680,60,117,58       //start img
8,0,10,270,200,200      //analog stick area
7,150
